                                                                                                                      
 00000000000000000000000000000000000000000000000000000000000000000000000000000000000000000000000000000000000000000000  
 0                     -       +00     + -    00                + 00           00            + 00     00    0000   00  
 09  --0000  0000000000000000 0000  000000    00  0000000--000000 00  0000000  00 000000000000000-000    00      0  0  
 0  @    0                      00 +900       00  00+ +    00     00  00       00      00  00000   00000000000 000000  
 09 +  00000000000  000000  00  0099    00090000 000000000000000000 00  00000000000  00      0000-00      00        0  
 0+-99-00               00  00  00    00         00                  00  00           00   0000   00   00    00  00 0  
 09 0  00    000000000  00  00  00  0000000000   0000000  0000000000000  00    0000000   000    000000 0000000000   =  
 0  0  00  0000         00  00     0        00     00    000+                            9   000    00      00009-900  
 0  0  00  00    000    00  00    00000000  000000 0000 0000000  000000  000000000000000000      00   00000      -  0  
 0  0  00  00               00  00  00      00  00 00             000    00               -     00 00        000000 0  
 0 +0  00  00   00000000  0000  00      0000   000 000000000  0000000    00+000000  00   00000000000000  00     00  0  
 0000      00   00              00    00            09+   00             0000   000000-000  99000    0099000000--0000  
 0      00  00   00   00000000000099  00 0000    00000099  00900000000              00                   00       000  
 0  00000       000  00         00990000        000    00    00     00   0000  000  000000000   0000--00 00    00-- =  
 0  0                00  000000 00+--     00000     00-0000  000000 00   0000   00             00     00 0000--000000  
 0  00000  99000000  00  00   + 00+9  00  00  00000 00-00   0009+     00--0000  009  9       00   00           00   0  
 0  -  00--0    0000--00    00009999-                0  -       00           9        00000-9             00000000000
 0  0        00          00        - 0000        00  0   00                00          00      0000        0000++0000  
 00000000000000000000000000000000000000000000000000000000000000000000000000000000000000000000000000000000000000000000  
                                                                                                                       